opt=554.9493636199253
centers=[2, 9, 11, 21, 34]
outliers=[33, 35, 4, 36, 37, 7, 38, 40, 10, 41, 44, 26]
time_taken=4257.774169921875
