opt=577.085840239937
centers=[2, 9, 10, 18, 34]
outliers=[4, 36, 37, 7, 40, 44, 47, 48, 21, 25, 26, 29]
time_taken=9520.727236747742
