opt=577.2626601290757
centers=[4, 9, 10, 18, 25]
outliers=[2, 3, 34, 5, 6, 7, 8, 36, 37, 40, 43, 47, 26, 31]
time_taken=18985.30854177475
